100.0 0.0 0.0
100.0 2.4 1.4
99.9 4.9 2.8
99.7 7.3 4.2
99.5 9.8 5.6
99.3 12.2 7.0
98.9 14.6 8.4
98.5 17.0 9.8
98.1 19.4 11.2
97.6 21.8 12.6
97.0 24.2 14.0
96.4 26.6 15.4
95.7 28.9 16.8
95.0 31.2 18.2
94.2 33.5 19.6
93.4 35.8 21.0
92.5 38.1 22.4
91.5 40.4 23.8
90.5 42.6 25.2
89.4 44.8 26.6
88.3 46.9 28.0
87.1 49.1 29.4
85.9 51.2 30.8
84.6 53.3 32.2
83.3 55.3 33.6
81.9 57.4 35.0
80.5 59.3 36.4
79.0 61.3 37.8
77.5 63.2 39.2
75.9 65.1 40.6
74.3 66.9 42.0
72.7 68.7 43.4
71.0 70.5 44.8
69.2 72.2 46.2
67.4 73.8 47.6
65.6 75.5 49.0
63.7 77.1 50.4
61.8 78.6 51.8
59.9 80.1 53.2
57.9 81.5 54.6
55.9 82.9 56.0
53.9 84.2 57.4
51.8 85.5 58.8
49.7 86.8 60.2
47.6 88.0 61.6
45.4 89.1 63.0
43.2 90.2 64.4
41.0 91.2 65.8
38.8 92.2 67.2
36.5 93.1 68.6
34.2 94.0 70.0
31.9 94.8 71.4
29.6 95.5 72.8
27.2 96.2 74.2
24.9 96.9 75.6
22.5 97.4 77.0
20.1 98.0 78.4
17.7 98.4 79.8
15.3 98.8 81.2
12.9 99.2 82.6
10.5 99.5 84.0
8.0 99.7 85.4
5.6 99.8 86.8
3.1 100.0 88.2
0.7 100.0 89.6
-1.7 100.0 91.0
-4.2 99.9 92.4
-6.6 99.8 93.8
-9.1 99.6 95.2
-11.5 99.3 96.6
-13.9 99.0 98.0
-16.3 98.7 99.4
-18.7 98.2 100.8
-21.1 97.7 102.2
-23.5 97.2 103.6
-25.9 96.6 105.0
-28.2 95.9 106.4
-30.6 95.2 107.8
-32.9 94.4 109.2
-35.2 93.6 110.6
-37.5 92.7 112.0
-39.7 91.8 113.4
-41.9 90.8 114.8
-44.2 89.7 116.2
-46.3 88.6 117.6
-48.5 87.5 119.0
-50.6 86.3 120.4
-52.7 85.0 121.8
-54.8 83.7 123.2
-56.8 82.3 124.6
-58.8 80.9 126.0
-60.7 79.4 127.4
-62.7 77.9 128.8
-64.5 76.4 130.2
-66.4 74.8 131.6
-68.2 73.1 133.0
-70.0 71.4 134.4
-71.7 69.7 135.8
-73.4 67.9 137.2
-75.0 66.1 138.6
-76.6 64.3 140.0
-78.2 62.4 141.4
-79.7 60.5 142.8
-81.1 58.5 144.2
-82.5 56.5 145.6
-83.9 54.5 147.0
-85.2 52.4 148.4
-86.4 50.3 149.8
-87.6 48.2 151.2
-88.8 46.0 152.6
-89.9 43.8 154.0
-90.9 41.6 155.4
-91.9 39.4 156.8
-92.8 37.1 158.2
-93.7 34.9 159.6
-94.6 32.6 161.0
-95.3 30.2 162.4
-96.0 27.9 163.8
-96.7 25.5 165.2
-97.3 23.2 166.6
-97.8 20.8 168.0
-98.3 18.4 169.4
-98.7 16.0 170.8
-99.1 13.6 172.2
-99.4 11.1 173.6
-99.6 8.7 175.0
-99.8 6.3 176.4
-99.9 3.8 177.8
-100.0 1.4 179.2
-100.0 -1.0 180.6
-99.9 -3.5 182.0
-99.8 -5.9 183.4
-99.6 -8.4 184.8
-99.4 -10.8 186.2
-99.1 -13.2 187.6
-98.8 -15.6 189.0
-98.4 -18.1 190.4
-97.9 -20.4 191.8
-97.4 -22.8 193.2
-96.8 -25.2 194.6
-96.1 -27.6 196.0
-95.4 -29.9 197.4
-94.7 -32.2 198.8
-93.8 -34.5 200.2
-93.0 -36.8 201.6
-92.1 -39.1 203.0
-91.1 -41.3 204.4
-90.0 -43.5 205.8
-88.9 -45.7 207.2
-87.8 -47.9 208.6
-86.6 -50.0 210.0
-85.4 -52.1 211.4
-84.1 -54.2 212.8
-82.7 -56.2 214.2
-81.3 -58.2 215.6
-79.9 -60.2 217.0
-78.4 -62.1 218.4
-76.8 -64.0 219.8
-75.2 -65.9 221.2
-73.6 -67.7 222.6
-71.9 -69.5 224.0
-70.2 -71.2 225.4
-68.5 -72.9 226.8
-66.7 -74.5 228.2
-64.8 -76.2 229.6
-62.9 -77.7 231.0
-61.0 -79.2 232.4
-59.1 -80.7 233.8
-57.1 -82.1 235.2
-55.0 -83.5 236.6
-53.0 -84.8 238.0
-50.9 -86.1 239.4
-48.8 -87.3 240.8
-46.6 -88.5 242.2
-44.5 -89.6 243.6
-42.3 -90.6 245.0
-40.0 -91.6 246.4
-37.8 -92.6 247.8
-35.5 -93.5 249.2
-33.2 -94.3 250.6
-30.9 -95.1 252.0
-28.6 -95.8 253.4
-26.2 -96.5 254.8
-23.9 -97.1 256.2
-21.5 -97.7 257.6
-19.1 -98.2 259.0
-16.7 -98.6 260.4
-14.3 -99.0 261.8
-11.8 -99.3 263.2
-9.4 -99.6 264.6
-7.0 -99.8 266.0
-4.5 -99.9 267.4
-2.1 -100.0 268.8
0.3 -100.0 270.2
2.8 -100.0 271.6
5.2 -99.9 273.0
7.7 -99.7 274.4
10.1 -99.5 275.8
12.5 -99.2 277.2
15.0 -98.9 278.6
17.4 -98.5 280.0
19.8 -98.0 281.4
22.2 -97.5 282.8
24.5 -96.9 284.2
26.9 -96.3 285.6
29.2 -95.6 287.0
31.6 -94.9 288.4
33.9 -94.1 289.8
36.2 -93.2 291.2
38.4 -92.3 292.6
40.7 -91.4 294.0
42.9 -90.3 295.4
45.1 -89.3 296.8
47.3 -88.1 298.2
49.4 -86.9 299.6
51.5 -85.7 301.0
53.6 -84.4 302.4
55.6 -83.1 303.8
57.6 -81.7 305.2
59.6 -80.3 306.6
61.6 -78.8 308.0
63.5 -77.3 309.4
65.3 -75.7 310.8
67.2 -74.1 312.2
69.0 -72.4 313.6
70.7 -70.7 315.0
72.4 -69.0 316.4
74.1 -67.2 317.8
75.7 -65.3 319.2
77.3 -63.5 320.6
78.8 -61.6 322.0
80.3 -59.6 323.4
81.7 -57.6 324.8
83.1 -55.6 326.2
84.4 -53.6 327.6
85.7 -51.5 329.0
86.9 -49.4 330.4
88.1 -47.3 331.8
89.3 -45.1 333.2
90.3 -42.9 334.6
91.4 -40.7 336.0
92.3 -38.4 337.4
93.2 -36.2 338.8
94.1 -33.9 340.2
94.9 -31.6 341.6
95.6 -29.2 343.0
96.3 -26.9 344.4
96.9 -24.5 345.8
97.5 -22.2 347.2
98.0 -19.8 348.6
98.5 -17.4 350.0
98.9 -15.0 351.4
99.2 -12.5 352.8
99.5 -10.1 354.2
99.7 -7.7 355.6
99.9 -5.2 357.0
100.0 -2.8 358.4
100.0 -0.3 359.8
