100.000 0.000
99.985 2.421
99.891 4.893
99.715 7.312
99.511 9.779
99.278 12.194
98.913 14.604
98.520 17.011
98.098 19.411
97.596 21.807
97.015 24.196
96.405 26.578
95.716 28.901
94.999 31.216
94.203 33.523
93.379 35.819
92.477 38.103
91.498 40.377
90.492 42.589
89.407 44.788
88.297 46.924
87.111 49.095
85.898 51.202
84.609 53.294
83.296 55.319
81.907 57.379
80.495 59.321
79.008 61.295
77.497 63.202
75.913 65.088
74.307 66.906
72.678 68.704
70.978 70.481
69.207 72.188
67.415 73.823
65.603 75.486
63.721 77.076
61.820 78.593
59.901 80.087
57.914 81.507
55.909 82.902
53.889 84.222
51.801 85.518
49.699 86.788
47.581 87.983
45.400 89.100
43.205 90.192
40.996 91.206
38.776 92.193
36.494 93.103
34.201 93.984
31.898 94.788
29.586 95.514
27.214 96.211
24.884 96.879
22.498 97.418
20.104 97.979
17.704 98.410
15.300 98.811
12.890 99.184
10.476 99.476
8.010 99.689
5.591 99.822
3.120 99.975
0.699 99.999
-1.723 99.993
-4.194 99.906
-6.614 99.790
-9.082 99.594
-11.497 99.319
-13.909 99.013
-16.316 98.678
-18.719 98.215
-21.116 97.721
-23.507 97.198
-25.891 96.596
-28.217 95.916
-30.585 95.207
-32.894 94.419
-35.192 93.603
-37.480 92.709
-39.708 91.787
-41.922 90.789
-44.175 89.713
-46.315 88.610
-48.490 87.481
-50.602 86.275
-52.698 84.995
-54.778 83.688
-56.792 82.307
-58.790 80.901
-60.719 79.421
-62.680 77.917
-64.523 76.390
-66.397 74.790
-68.200 73.118
-69.983 71.424
-71.696 69.709
-73.387 67.922
-75.005 66.115
-76.602 64.290
-78.176 62.394
-79.677 60.480
-81.103 58.498
-82.505 56.498
-83.883 54.482
-85.186 52.400
-86.413 50.301
-87.615 48.188
-88.791 46.010
-89.889 43.819
-90.912 41.614
-91.907 39.397
-92.825 37.118
-93.714 34.879
-94.576 32.579
-95.309 30.218
-96.014 27.899
-96.691 25.523
-97.289 23.188
-97.808 20.796
-98.297 18.398
-98.707 15.994
-99.088 13.586
-99.388 11.123
-99.609 8.708
-99.802 6.290
-99.913 3.819
-99.995 1.398
-99.998 -1.023
-99.919 -3.495
-99.812 -5.915
-99.624 -8.384
-99.407 -10.800
-99.111 -13.213
-98.785 -15.622
-98.379 -18.076
-97.894 -20.425
-97.379 -22.818
-96.785 -25.203
-96.113 -27.582
-95.412 -29.902
-94.683 -32.213
-93.825 -34.515
-92.989 -36.806
-92.075 -39.087
-91.084 -41.305
-90.016 -43.511
-88.921 -45.705
-87.799 -47.885
-86.601 -50.000
-85.377 -52.100
-84.078 -54.186
-82.704 -56.204
-81.305 -58.206
-79.882 -60.191
-78.385 -62.108
-76.814 -64.005
-75.221 -65.885
-73.605 -67.694
-71.917 -69.483
-70.208 -71.202
-68.477 -72.899
-66.677 -74.524
-64.806 -76.177
-62.916 -77.708
-61.008 -79.215
-59.081 -80.698
-57.085 -82.107
-55.024 -83.493
-52.996 -84.803
-50.902 -86.087
-48.793 -87.296
-46.620 -88.479
-44.482 -89.585
-42.281 -90.615
-40.017 -91.618
-37.792 -92.594
-35.505 -93.492
-33.208 -94.311
-30.901 -95.103
-28.584 -95.816
-26.209 -96.501
-23.877 -97.106
-21.487 -97.684
-19.090 -98.181
-16.688 -98.600
-14.282 -98.989
-11.820 -99.298
-9.405 -99.578
-6.988 -99.778
-4.518 -99.899
-2.097 -99.989
0.325 -99.999
2.796 -99.981
5.217 -99.882
7.686 -99.703
10.103 -99.494
12.517 -99.206
14.977 -98.888
17.383 -98.490
19.783 -98.013
22.178 -97.507
24.515 -96.922
26.896 -96.308
29.218 -95.615
31.583 -94.894
33.887 -94.094
36.181 -93.216
38.415 -92.310
40.687 -91.377
42.897 -90.317
45.094 -89.279
47.278 -88.115
49.397 -86.924
51.502 -85.709
53.591 -84.417
55.615 -83.099
57.621 -81.707
59.611 -80.291
61.583 -78.800
63.486 -77.286
65.321 -75.700
67.186 -74.090
68.981 -72.409
70.706 -70.706
72.409 -68.981
74.090 -67.186
75.700 -65.321
77.286 -63.486
78.800 -61.583
80.291 -59.611
81.707 -57.621
83.099 -55.615
84.417 -53.591
85.709 -51.502
86.924 -49.397
88.115 -47.278
89.279 -45.094
90.317 -42.897
91.377 -40.687
92.310 -38.415
93.216 -36.181
94.094 -33.887
94.894 -31.583
95.615 -29.218
96.308 -26.896
96.922 -24.515
97.507 -22.178
98.013 -19.783
98.490 -17.383
98.888 -14.977
99.206 -12.517
99.494 -10.103
99.703 -7.686
99.882 -5.217
99.981 -2.796
99.999 -0.325
