99.999 -0.349 359.8
99.961 -2.792 358.4
99.863 -5.234 357.0
99.705 -7.672 355.6
99.488 -10.106 354.2
99.211 -12.533 352.8
98.876 -14.954 351.4
98.481 -17.365 350.0
98.027 -19.766 348.6
97.515 -22.155 347.2
96.945 -24.531 345.8
96.316 -26.892 344.4
95.63 -29.237 343.0
94.888 -31.565 341.6
94.088 -33.874 340.2
93.232 -36.162 338.8
92.321 -38.43 337.4
91.355 -40.674 336.0
90.334 -42.894 334.6
89.259 -45.088 333.2
88.13 -47.255 331.8
86.949 -49.394 330.4
85.717 -51.504 329.0
84.433 -53.583 327.6
83.098 -55.63 326.2
81.714 -57.643 324.8
80.282 -59.622 323.4
78.801 -61.566 322.0
77.273 -63.473 320.6
75.7 -65.342 319.2
74.08 -67.172 317.8
72.417 -68.962 316.4
70.711 -70.711 315.0
68.962 -72.417 313.6
67.172 -74.08 312.2
65.342 -75.7 310.8
63.473 -77.273 309.4
61.566 -78.801 308.0
59.622 -80.282 306.6
57.643 -81.714 305.2
55.63 -83.098 303.8
53.583 -84.433 302.4
51.504 -85.717 301.0
49.394 -86.949 299.6
47.255 -88.13 298.2
45.088 -89.259 296.8
42.894 -90.334 295.4
40.674 -91.355 294.0
38.43 -92.321 292.6
36.162 -93.232 291.2
33.874 -94.088 289.8
31.565 -94.888 288.4
29.237 -95.63 287.0
26.892 -96.316 285.6
24.531 -96.945 284.2
22.155 -97.515 282.8
19.766 -98.027 281.4
17.365 -98.481 280.0
14.954 -98.876 278.6
12.533 -99.211 277.2
10.106 -99.488 275.8
7.672 -99.705 274.4
5.234 -99.863 273.0
2.792 -99.961 271.6
0.349 -99.999 270.2
-2.094 -99.978 268.8
-4.536 -99.897 267.4
-6.976 -99.756 266.0
-9.411 -99.556 264.6
-11.84 -99.297 263.2
-14.263 -98.978 261.8
-16.677 -98.6 260.4
-19.081 -98.163 259.0
-21.474 -97.667 257.6
-23.853 -97.113 256.2
-26.219 -96.502 254.8
-28.569 -95.832 253.4
-30.902 -95.106 252.0
-33.216 -94.322 250.6
-35.511 -93.483 249.2
-37.784 -92.587 247.8
-40.035 -91.636 246.4
-42.262 -90.631 245.0
-44.464 -89.571 243.6
-46.639 -88.458 242.2
-48.786 -87.292 240.8
-50.904 -86.074 239.4
-52.992 -84.805 238.0
-55.048 -83.485 236.6
-57.071 -82.115 235.2
-59.061 -80.696 233.8
-61.015 -79.229 232.4
-62.932 -77.715 231.0
-64.812 -76.154 229.6
-66.653 -74.548 228.2
-68.455 -72.897 226.8
-70.215 -71.203 225.4
-71.934 -69.466 224.0
-73.61 -67.688 222.6
-75.241 -65.869 221.2
-76.828 -64.011 219.8
-78.369 -62.115 218.4
-79.864 -60.182 217.0
-81.31 -58.212 215.6
-82.708 -56.208 214.2
-84.057 -54.171 212.8
-85.355 -52.101 211.4
-86.603 -50.0 210.0
-87.798 -47.869 208.6
-88.942 -45.71 207.2
-90.032 -43.523 205.8
-91.068 -41.31 204.4
-92.05 -39.073 203.0
-92.978 -36.812 201.6
-93.849 -34.53 200.2
-94.665 -32.227 198.8
-95.424 -29.904 197.4
-96.126 -27.564 196.0
-96.771 -25.207 194.6
-97.358 -22.835 193.2
-97.887 -20.45 191.8
-98.357 -18.052 190.4
-98.769 -15.643 189.0
-99.122 -13.226 187.6
-99.415 -10.8 186.2
-99.649 -8.368 184.8
-99.824 -5.931 183.4
-99.939 -3.49 182.0
-99.995 -1.047 180.6
-99.99 1.396 179.2
-99.926 3.839 177.8
-99.803 6.279 176.4
-99.619 8.716 175.0
-99.377 11.147 173.6
-99.075 13.572 172.2
-98.714 15.988 170.8
-98.294 18.395 169.4
-97.815 20.791 168.0
-97.278 23.175 166.6
-96.682 25.545 165.2
-96.029 27.899 163.8
-95.319 30.237 162.4
-94.552 32.557 161.0
-93.728 34.857 159.6
-92.849 37.137 158.2
-91.914 39.394 156.8
-90.924 41.628 155.4
-89.879 43.837 154.0
-88.782 46.02 152.6
-87.631 48.175 151.2
-86.427 50.302 149.8
-85.173 52.399 148.4
-83.867 54.464 147.0
-82.511 56.497 145.6
-81.106 58.496 144.2
-79.653 60.46 142.8
-78.152 62.388 141.4
-76.604 64.279 140.0
-75.011 66.131 138.6
-73.373 67.944 137.2
-71.691 69.717 135.8
-69.966 71.447 134.4
-68.2 73.135 133.0
-66.393 74.78 131.6
-64.546 76.38 130.2
-62.66 77.934 128.8
-60.738 79.441 127.4
-58.779 80.902 126.0
-56.784 82.314 124.6
-54.756 83.676 123.2
-52.696 84.989 121.8
-50.603 86.251 120.4
-48.481 87.462 119.0
-46.33 88.62 117.6
-44.151 89.726 116.2
-41.945 90.778 114.8
-39.715 91.775 113.4
-37.461 92.718 112.0
-35.184 93.606 110.6
-32.887 94.438 109.2
-30.57 95.213 107.8
-28.234 95.931 106.4
-25.882 96.593 105.0
-23.514 97.196 103.6
-21.132 97.742 102.2
-18.738 98.229 100.8
-16.333 98.657 99.4
-13.917 99.027 98.0
-11.494 99.337 96.6
-9.063 99.588 95.2
-6.627 99.78 93.8
-4.188 99.912 92.4
-1.745 99.985 91.0
0.698 99.998 89.6
3.141 99.951 88.2
5.582 99.844 86.8
8.02 99.678 85.4
10.453 99.452 84.0
12.88 99.167 82.6
15.299 98.823 81.2
17.708 98.42 79.8
20.108 97.958 78.4
22.495 97.437 77.0
24.869 96.858 75.6
27.228 96.222 74.2
29.571 95.528 72.8
31.896 94.777 71.4
34.202 93.969 70.0
36.488 93.106 68.6
38.752 92.186 67.2
40.992 91.212 65.8
43.209 90.183 64.4
45.399 89.101 63.0
47.562 87.965 61.6
49.697 86.777 60.2
51.803 85.536 58.8
53.877 84.245 57.4
55.919 82.904 56.0
57.928 81.513 54.6
59.902 80.073 53.2
61.841 78.586 51.8
63.742 77.051 50.4
65.606 75.471 49.0
67.43 73.846 47.6
69.214 72.176 46.2
70.957 70.463 44.8
72.657 68.709 43.4
74.314 66.913 42.0
75.927 65.077 40.6
77.494 63.203 39.2
79.016 61.291 37.8
80.489 59.342 36.4
81.915 57.358 35.0
83.292 55.339 33.6
84.619 53.288 32.2
85.896 51.204 30.8
87.121 49.09 29.4
88.295 46.947 28.0
89.415 44.776 26.6
90.483 42.578 25.2
91.496 40.355 23.8
92.455 38.107 22.4
93.358 35.837 21.0
94.206 33.545 19.6
94.997 31.233 18.2
95.732 28.903 16.8
96.41 26.556 15.4
97.03 24.192 14.0
97.592 21.814 12.6
98.096 19.423 11.2
98.541 17.021 9.8
98.927 14.608 8.4
99.255 12.187 7.0
99.523 9.758 5.6
99.731 7.324 4.2
99.881 4.885 2.8
99.97 2.443 1.4
100.0 0.0 0.0
